experiment	cell	reads	length	unique	multimap	nomap	exonic	intronic	intergenic	rpkm1	max-correlation
SS2_15_0049	SS2_15_0049_A1	108504	43	42.1	14.2	43.7	57.2	26.5	16.3	3951	0.52
SS2_15_0049	SS2_15_0049_A10	729343	43	51.9	13.3	34.8	68.2	7.9	23.9	4744	0.59
SS2_15_0049	SS2_15_0049_A11	738443	43	52.5	13.5	34.0	68.6	7.0	24.4	4653	0.59
SS2_15_0049	SS2_15_0049_A12	717552	43	59.4	16.5	24.1	73.0	5.5	21.5	6113	0.67
SS2_15_0049	SS2_15_0049_A13	724985	43	57.2	14.2	28.6	71.3	5.6	23.1	5584	0.62
SS2_15_0049	SS2_15_0049_A14	502660	43	47.5	11.7	40.9	53.3	23.7	23.0	3787	0.51
SS2_15_0049	SS2_15_0049_A15	527802	43	48.0	10.3	41.7	69.7	15.5	14.8	3796	0.53
SS2_15_0049	SS2_15_0049_A16	626193	43	42.4	9.6	48.0	68.2	5.8	26.0	3402	0.51
SS2_15_0049	SS2_15_0049_A17	501612	43	55.0	15.4	29.6	71.3	8.0	20.7	5145	0.63
SS2_15_0049	SS2_15_0049_A18	526784	43	47.1	9.4	43.4	42.2	34.0	23.8	4284	0.49
SS2_15_0049	SS2_15_0049_A19	656985	43	52.1	15.7	32.2	64.0	13.3	22.7	5413	0.62
SS2_15_0049	SS2_15_0049_A2	198477	43	49.7	14.9	35.4	67.9	6.1	26.0	5125	0.63
SS2_15_0049	SS2_15_0049_A20	45575	43	44.3	10.1	45.6	68.9	17.1	14.0	2583	0.45
SS2_15_0049	SS2_15_0049_A21	770596	43	53.5	10.9	35.7	69.2	7.7	23.1	4678	0.57
SS2_15_0049	SS2_15_0049_A22	686928	43	50.1	15.2	34.7	68.3	7.6	24.1	5222	0.64
SS2_15_0049	SS2_15_0049_A23	555433	43	42.9	9.1	48.0	51.2	20.7	28.1	3524	0.49
SS2_15_0049	SS2_15_0049_A24	619711	43	48.7	15.1	36.3	68.7	6.4	24.9	4803	0.60
SS2_15_0049	SS2_15_0049_A3	529513	43	42.9	13.5	43.6	62.5	10.4	27.2	4492	0.57
SS2_15_0049	SS2_15_0049_A4	376706	43	35.6	8.4	56.1	58.6	12.6	28.8	2741	0.44
SS2_15_0049	SS2_15_0049_A5	570086	43	48.0	12.2	39.8	67.7	7.6	24.8	4225	0.55
SS2_15_0049	SS2_15_0049_A6	409699	43	43.3	14.2	42.5	64.8	9.1	26.2	5102	0.58
SS2_15_0049	SS2_15_0049_A7	779021	43	44.5	10.7	44.8	65.2	8.6	26.2	3773	0.55
SS2_15_0049	SS2_15_0049_A8	311295	43	45.1	10.3	44.6	67.4	6.5	26.1	3677	0.53
SS2_15_0049	SS2_15_0049_A9	440422	43	23.2	8.8	68.0	48.0	5.8	46.2	1169	0.34
SS2_15_0049	SS2_15_0049_B1	480670	43	44.3	11.9	43.9	66.8	7.0	26.2	3858	0.54
SS2_15_0049	SS2_15_0049_B10	441461	43	24.2	28.5	47.2	64.1	2.1	33.8	1004	0.33
SS2_15_0049	SS2_15_0049_B11	502279	43	59.4	17.7	22.9	72.6	5.4	22.0	6170	0.67
SS2_15_0049	SS2_15_0049_B12	533671	43	50.8	10.9	38.2	66.5	9.6	23.9	4265	0.54
SS2_15_0049	SS2_15_0049_B13	540615	43	47.6	12.0	40.4	67.5	6.8	25.7	4201	0.56
SS2_15_0049	SS2_15_0049_B14	347198	43	61.9	17.4	20.6	72.8	10.5	16.7	6164	0.65
SS2_15_0049	SS2_15_0049_B15	256010	43	43.3	10.9	45.8	64.2	8.1	27.7	3425	0.52
SS2_15_0049	SS2_15_0049_B16	478094	43	36.7	5.8	57.4	47.2	25.8	26.9	2247	0.40
SS2_15_0049	SS2_15_0049_B17	407010	43	45.5	11.3	43.2	68.6	6.5	25.0	3805	0.54
SS2_15_0049	SS2_15_0049_B18	474480	43	53.7	15.3	31.0	70.8	6.1	23.1	4882	0.60
SS2_15_0049	SS2_15_0049_B19	579678	43	61.0	13.2	25.8	73.4	11.3	15.3	5827	0.64
SS2_15_0049	SS2_15_0049_B2	323022	43	52.2	15.9	31.9	70.3	6.6	23.1	4906	0.61
SS2_15_0049	SS2_15_0049_B20	416373	43	50.7	13.0	36.3	72.3	12.8	14.9	4414	0.56
SS2_15_0049	SS2_15_0049_B21	626925	43	45.7	10.5	43.8	66.3	8.9	24.8	4291	0.55
SS2_15_0049	SS2_15_0049_B22	620032	43	62.7	13.6	23.8	73.6	9.9	16.5	5777	0.65
SS2_15_0049	SS2_15_0049_B23	514598	43	54.9	14.9	30.2	70.9	5.9	23.1	5448	0.63
SS2_15_0049	SS2_15_0049_B24	515227	43	39.8	14.4	45.7	63.3	8.6	28.2	4150	0.55
SS2_15_0049	SS2_15_0049_B3	518663	43	62.6	13.4	24.0	72.7	8.0	19.3	5868	0.62
SS2_15_0049	SS2_15_0049_B4	108268	43	67.0	26.1	6.8	73.1	10.0	16.9	8238	0.73
SS2_15_0049	SS2_15_0049_B5	610131	43	58.4	15.4	26.2	71.1	7.0	21.9	5370	0.62
SS2_15_0049	SS2_15_0049_B6	495659	43	44.3	10.0	45.7	67.9	6.2	25.9	3752	0.53
SS2_15_0049	SS2_15_0049_B7	547059	43	49.9	11.7	38.4	68.4	8.2	23.4	4442	0.57
SS2_15_0049	SS2_15_0049_B8	251735	43	21.8	4.1	74.1	55.2	3.1	41.7	712	0.28
SS2_15_0049	SS2_15_0049_B9	493272	43	31.8	11.6	56.6	44.3	23.1	32.6	2173	0.40
SS2_15_0049	SS2_15_0049_C1	444432	43	35.5	6.9	57.6	47.4	25.8	26.8	2295	0.41
SS2_15_0049	SS2_15_0049_C10	906365	43	63.0	13.2	23.8	69.3	10.9	19.8	6396	0.65
SS2_15_0049	SS2_15_0049_C11	634553	43	34.7	10.4	54.9	66.3	3.4	30.3	2811	0.48
SS2_15_0049	SS2_15_0049_C12	789101	43	65.6	12.7	21.7	71.8	8.0	20.2	6078	0.64
SS2_15_0049	SS2_15_0049_C13	735480	43	45.9	17.3	36.8	72.0	2.9	25.1	3141	0.51
SS2_15_0049	SS2_15_0049_C14	486699	43	58.1	13.7	28.2	71.5	6.2	22.3	4966	0.59
SS2_15_0049	SS2_15_0049_C15	548593	43	56.9	15.5	27.6	69.2	9.4	21.4	4753	0.58
SS2_15_0049	SS2_15_0049_C16	761789	43	66.3	14.1	19.7	74.3	10.3	15.5	6147	0.66
SS2_15_0049	SS2_15_0049_C17	491374	43	56.7	18.5	24.8	66.7	17.4	15.9	6156	0.64
SS2_15_0049	SS2_15_0049_C18	740665	43	48.3	10.5	41.2	70.8	5.2	24.1	4062	0.55
SS2_15_0049	SS2_15_0049_C19	685851	43	63.8	12.9	23.3	72.8	11.6	15.6	6085	0.62
SS2_15_0049	SS2_15_0049_C2	390360	43	44.5	11.2	44.3	65.6	10.8	23.6	4420	0.56
SS2_15_0049	SS2_15_0049_C20	552129	43	53.2	12.3	34.6	70.4	7.9	21.7	4427	0.56
SS2_15_0049	SS2_15_0049_C21	794107	43	51.2	9.6	39.2	69.2	6.7	24.2	3938	0.54
SS2_15_0049	SS2_15_0049_C22	821145	43	56.9	13.6	29.5	70.6	7.7	21.7	5435	0.62
SS2_15_0049	SS2_15_0049_C23	606563	43	34.0	10.0	56.0	67.9	4.0	28.1	2093	0.43
SS2_15_0049	SS2_15_0049_C24	648865	43	19.7	3.5	76.8	56.5	2.8	40.7	681	0.29
SS2_15_0049	SS2_15_0049_C3	807282	43	53.2	12.1	34.7	71.4	5.0	23.6	4517	0.59
SS2_15_0049	SS2_15_0049_C4	328992	43	51.9	11.6	36.5	70.6	14.5	15.0	3992	0.54
SS2_15_0049	SS2_15_0049_C5	623470	43	55.6	13.3	31.0	73.9	4.7	21.4	4700	0.60
SS2_15_0049	SS2_15_0049_C6	745837	43	60.1	15.3	24.6	74.0	4.5	21.5	5947	0.65
SS2_15_0049	SS2_15_0049_C7	860155	43	61.8	12.5	25.7	75.4	4.2	20.4	5287	0.63
SS2_15_0049	SS2_15_0049_C8	501308	43	56.8	13.8	29.4	70.9	6.6	22.5	5120	0.61
SS2_15_0049	SS2_15_0049_C9	795730	43	46.0	11.4	42.6	67.6	7.0	25.4	3615	0.53
SS2_15_0049	SS2_15_0049_D1	609925	43	46.8	11.9	41.2	68.9	5.5	25.6	3809	0.54
SS2_15_0049	SS2_15_0049_D10	777290	43	53.2	12.3	34.5	69.9	7.3	22.7	4446	0.57
SS2_15_0049	SS2_15_0049_D11	547290	43	21.6	3.8	74.6	54.7	4.4	41.0	1265	0.33
SS2_15_0049	SS2_15_0049_D12	728252	43	60.2	15.1	24.6	73.1	4.7	22.2	5026	0.61
SS2_15_0049	SS2_15_0049_D13	694847	43	47.3	10.1	42.7	64.6	11.4	23.9	4003	0.53
SS2_15_0049	SS2_15_0049_D14	506212	43	34.9	13.2	51.9	57.0	12.7	30.3	2834	0.43
SS2_15_0049	SS2_15_0049_D15	333216	43	56.3	15.2	28.5	71.6	12.7	15.7	4681	0.59
SS2_15_0049	SS2_15_0049_D16	645409	43	54.4	11.5	34.1	70.0	8.8	21.3	4875	0.57
SS2_15_0049	SS2_15_0049_D17	431059	43	57.9	17.1	25.0	72.1	12.2	15.7	5503	0.61
SS2_15_0049	SS2_15_0049_D18	440474	43	47.6	10.5	41.9	68.1	6.8	25.1	3713	0.52
SS2_15_0049	SS2_15_0049_D19	564467	43	68.5	13.4	18.1	74.2	10.8	15.0	6251	0.66
SS2_15_0049	SS2_15_0049_D2	411784	43	42.4	10.1	47.5	69.5	5.5	25.0	3246	0.49
SS2_15_0049	SS2_15_0049_D20	358864	43	39.4	7.8	52.8	65.5	7.1	27.4	2788	0.46
SS2_15_0049	SS2_15_0049_D21	768842	43	54.0	11.8	34.1	72.3	4.6	23.1	4626	0.60
SS2_15_0049	SS2_15_0049_D22	617964	43	36.9	9.9	53.2	55.6	16.6	27.9	3116	0.48
SS2_15_0049	SS2_15_0049_D23	320587	43	55.3	10.4	34.3	69.7	7.4	22.9	4825	0.59
SS2_15_0049	SS2_15_0049_D24	806142	43	43.5	9.6	47.0	68.7	6.6	24.6	3553	0.51
SS2_15_0049	SS2_15_0049_D3	685311	43	59.7	15.8	24.5	73.0	4.7	22.3	5366	0.65
SS2_15_0049	SS2_15_0049_D4	392358	43	65.4	13.8	20.8	73.5	5.2	21.2	5736	0.61
SS2_15_0049	SS2_15_0049_D5	666943	43	48.8	11.7	39.5	69.7	6.2	24.1	4011	0.54
SS2_15_0049	SS2_15_0049_D6	586030	43	67.0	13.5	19.4	73.8	10.8	15.4	5999	0.66
SS2_15_0049	SS2_15_0049_D7	794049	43	63.9	10.4	25.8	69.4	9.8	20.8	4977	0.61
SS2_15_0049	SS2_15_0049_D8	482134	43	55.0	12.8	32.2	71.3	6.1	22.6	4554	0.57
SS2_15_0049	SS2_15_0049_D9	750142	43	61.5	13.6	24.9	73.6	5.0	21.4	5583	0.63
SS2_15_0049	SS2_15_0049_E1	772859	43	52.8	9.5	37.7	71.7	6.6	21.7	3919	0.55
SS2_15_0049	SS2_15_0049_E10	913233	43	55.7	15.5	28.9	70.9	6.3	22.8	5212	0.63
SS2_15_0049	SS2_15_0049_E11	1022037	43	60.7	14.7	24.6	71.3	7.8	20.9	5417	0.62
SS2_15_0049	SS2_15_0049_E12	897829	43	54.3	12.7	33.1	71.7	5.7	22.6	4975	0.61
SS2_15_0049	SS2_15_0049_E13	908686	43	55.8	10.9	33.3	67.5	10.4	22.1	4436	0.56
SS2_15_0049	SS2_15_0049_E14	679888	43	44.2	8.9	46.9	68.5	6.4	25.1	3412	0.51
SS2_15_0049	SS2_15_0049_E15	627221	43	56.6	13.8	29.6	72.3	11.8	15.9	5386	0.62
SS2_15_0049	SS2_15_0049_E16	851398	43	56.3	13.9	29.8	72.5	5.2	22.3	4961	0.61
SS2_15_0049	SS2_15_0049_E17	544344	43	21.0	3.5	75.5	58.4	3.6	38.0	1201	0.32
SS2_15_0049	SS2_15_0049_E18	415149	43	20.9	4.3	74.8	45.6	5.0	49.4	1566	0.34
SS2_15_0049	SS2_15_0049_E19	805293	43	49.0	11.6	39.4	71.0	6.0	23.1	4103	0.57
SS2_15_0049	SS2_15_0049_E2	727110	43	53.2	11.3	35.4	72.4	6.0	21.6	4491	0.58
SS2_15_0049	SS2_15_0049_E20	471993	43	19.8	21.5	58.8	60.2	3.9	35.9	1004	0.31
SS2_15_0049	SS2_15_0049_E21	980384	43	41.9	8.8	49.3	63.0	15.1	21.9	3348	0.49
SS2_15_0049	SS2_15_0049_E22	965379	43	65.1	11.6	23.2	73.4	7.4	19.2	5344	0.63
SS2_15_0049	SS2_15_0049_E23	490055	43	44.9	10.8	44.3	65.3	10.4	24.3	4342	0.55
SS2_15_0049	SS2_15_0049_E24	770336	43	54.3	15.0	30.7	69.6	7.8	22.6	4813	0.60
SS2_15_0049	SS2_15_0049_E3	993322	43	49.8	11.7	38.5	71.5	5.6	22.8	4338	0.58
SS2_15_0049	SS2_15_0049_E4	97732	43	43.1	8.6	48.3	61.5	8.7	29.7	2792	0.47
SS2_15_0049	SS2_15_0049_E5	681855	43	68.1	12.2	19.8	74.5	5.9	19.5	6510	0.68
SS2_15_0049	SS2_15_0049_E6	749634	43	59.4	12.5	28.1	72.8	5.9	21.3	5455	0.61
SS2_15_0049	SS2_15_0049_E7	871689	43	47.4	11.1	41.5	69.6	5.8	24.6	3657	0.54
SS2_15_0049	SS2_15_0049_E8	538124	43	65.8	13.5	20.7	63.8	17.7	18.6	6304	0.63
SS2_15_0049	SS2_15_0049_E9	1038800	43	58.8	13.2	28.0	70.7	7.8	21.5	5430	0.63
SS2_15_0049	SS2_15_0049_F1	350312	43	45.2	8.9	45.9	65.6	6.8	27.6	3392	0.49
SS2_15_0049	SS2_15_0049_F10	680657	43	30.0	6.7	63.3	48.9	22.0	29.1	2221	0.40
SS2_15_0049	SS2_15_0049_F11	754231	43	53.7	13.3	33.0	71.3	13.3	15.4	4574	0.58
SS2_15_0049	SS2_15_0049_F12	812049	43	55.2	12.9	31.8	71.6	5.4	22.9	4847	0.60
SS2_15_0049	SS2_15_0049_F13	794100	43	58.6	13.2	28.2	72.5	5.5	22.0	5657	0.64
SS2_15_0049	SS2_15_0049_F14	468230	43	34.6	9.2	56.2	55.0	17.3	27.7	2594	0.42
SS2_15_0049	SS2_15_0049_F15	452089	43	49.7	10.7	39.6	70.2	6.4	23.4	4114	0.55
SS2_15_0049	SS2_15_0049_F16	711353	43	48.0	9.1	42.9	70.5	6.0	23.6	3635	0.52
SS2_15_0049	SS2_15_0049_F17	452729	43	48.5	9.9	41.6	67.9	6.7	25.4	3831	0.54
SS2_15_0049	SS2_15_0049_F18	412137	43	66.0	13.7	20.3	74.2	10.5	15.3	6259	0.67
SS2_15_0049	SS2_15_0049_F19	840573	43	54.8	11.3	33.9	70.0	8.7	21.3	4782	0.57
SS2_15_0049	SS2_15_0049_F2	445674	43	63.4	12.9	23.7	74.9	5.2	19.9	5748	0.64
SS2_15_0049	SS2_15_0049_F20	587653	43	52.4	12.6	35.0	69.8	8.8	21.4	3748	0.52
SS2_15_0049	SS2_15_0049_F21	866542	43	49.4	11.6	39.0	68.2	8.1	23.7	4141	0.55
SS2_15_0049	SS2_15_0049_F22	980138	43	53.6	13.0	33.4	70.6	6.5	22.9	4414	0.59
SS2_15_0049	SS2_15_0049_F23	753120	43	49.9	10.8	39.3	68.1	8.2	23.7	4175	0.56
SS2_15_0049	SS2_15_0049_F24	920809	43	44.8	10.4	44.8	68.6	7.1	24.3	3859	0.55
SS2_15_0049	SS2_15_0049_F3	802039	43	46.0	14.4	39.7	68.6	8.1	23.3	3220	0.50
SS2_15_0049	SS2_15_0049_F4	507898	43	41.2	12.0	46.8	57.7	16.7	25.6	2856	0.47
SS2_15_0049	SS2_15_0049_F5	627764	43	25.0	4.6	70.4	42.4	13.6	44.0	1916	0.32
SS2_15_0049	SS2_15_0049_F6	298528	43	54.8	14.3	30.9	68.3	5.7	26.0	4458	0.56
SS2_15_0049	SS2_15_0049_F7	849535	43	56.8	12.1	31.1	72.8	5.4	21.8	4799	0.58
SS2_15_0049	SS2_15_0049_F8	351999	43	61.4	12.7	25.9	73.6	4.9	21.5	4773	0.60
SS2_15_0049	SS2_15_0049_F9	878695	43	45.1	12.0	42.9	68.6	5.8	25.6	3701	0.53
SS2_15_0049	SS2_15_0049_G1	989017	43	44.0	8.2	47.8	68.5	7.3	24.2	3331	0.50
SS2_15_0049	SS2_15_0049_G10	1010038	43	57.2	13.7	29.1	71.6	7.4	21.0	4941	0.59
SS2_15_0049	SS2_15_0049_G11	923951	43	64.2	12.6	23.1	73.9	6.0	20.0	5723	0.63
SS2_15_0049	SS2_15_0049_G12	957254	43	69.0	14.5	16.5	73.6	7.2	19.2	6729	0.68
SS2_15_0049	SS2_15_0049_G13	1041128	43	54.9	14.2	30.9	71.5	5.1	23.4	4756	0.60
SS2_15_0049	SS2_15_0049_G14	506902	43	51.0	8.8	40.2	52.0	26.6	21.5	3364	0.47
SS2_15_0049	SS2_15_0049_G15	505404	43	62.6	14.7	22.7	72.5	6.0	21.6	5835	0.64
SS2_15_0049	SS2_15_0049_G16	728081	43	39.4	8.7	51.9	67.6	7.2	25.2	3418	0.50
SS2_15_0049	SS2_15_0049_G17	626103	43	64.6	12.5	22.9	74.7	7.3	18.0	5795	0.63
SS2_15_0049	SS2_15_0049_G18	659035	43	61.4	13.6	24.9	64.2	14.0	21.9	6134	0.62
SS2_15_0049	SS2_15_0049_G19	921409	43	50.8	11.9	37.3	66.3	9.6	24.1	4168	0.54
SS2_15_0049	SS2_15_0049_G2	626078	43	53.2	10.8	36.0	75.4	2.4	22.2	4092	0.57
SS2_15_0049	SS2_15_0049_G20	491377	43	68.9	13.6	17.6	74.4	9.6	16.0	6477	0.67
SS2_15_0049	SS2_15_0049_G21	1021582	43	56.4	13.4	30.1	71.6	7.2	21.2	5063	0.60
SS2_15_0049	SS2_15_0049_G22	1014099	43	55.0	13.7	31.4	71.5	5.9	22.7	4973	0.60
SS2_15_0049	SS2_15_0049_G23	818664	43	34.7	11.1	54.2	63.0	7.3	29.7	3716	0.51
SS2_15_0049	SS2_15_0049_G24	1017493	43	47.2	9.8	43.0	69.2	6.9	24.0	3934	0.53
SS2_15_0049	SS2_15_0049_G3	839966	43	64.6	15.4	19.9	73.6	10.6	15.8	6054	0.64
SS2_15_0049	SS2_15_0049_G4	681467	43	59.8	14.2	25.9	74.2	5.2	20.7	5285	0.62
SS2_15_0049	SS2_15_0049_G5	622692	43	53.3	16.9	29.8	71.2	5.9	22.9	5008	0.62
SS2_15_0049	SS2_15_0049_G6	817133	43	57.8	13.0	29.2	71.8	6.3	21.9	4712	0.62
SS2_15_0049	SS2_15_0049_G7	1043599	43	42.3	10.5	47.2	66.8	7.5	25.7	3817	0.54
SS2_15_0049	SS2_15_0049_G8	629469	43	54.6	11.1	34.3	72.4	5.2	22.4	4352	0.57
SS2_15_0049	SS2_15_0049_G9	1166348	43	55.9	10.6	33.5	69.7	9.8	20.6	4730	0.57
SS2_15_0049	SS2_15_0049_H1	651978	43	34.5	8.9	56.6	47.8	22.4	29.8	2635	0.43
SS2_15_0049	SS2_15_0049_H10	785516	43	58.1	13.8	28.1	73.2	5.0	21.8	5001	0.61
SS2_15_0049	SS2_15_0049_H11	875328	43	58.1	16.5	25.3	73.3	5.6	21.1	5252	0.62
SS2_15_0049	SS2_15_0049_H12	909342	43	51.4	10.8	37.8	70.0	6.9	23.1	4321	0.57
SS2_15_0049	SS2_15_0049_H13	804214	43	39.7	7.7	52.7	66.7	7.6	25.6	3392	0.50
SS2_15_0049	SS2_15_0049_H14	440919	43	44.7	11.8	43.5	68.0	10.9	21.1	3817	0.53
SS2_15_0049	SS2_15_0049_H15	597172	43	50.2	10.0	39.9	71.2	5.3	23.5	3703	0.54
SS2_15_0049	SS2_15_0049_H16	853926	43	49.7	13.0	37.3	70.4	7.0	22.6	4169	0.56
SS2_15_0049	SS2_15_0049_H17	642012	43	55.8	11.9	32.3	71.6	6.3	22.1	4763	0.58
SS2_15_0049	SS2_15_0049_H18	711333	43	24.4	29.4	46.2	68.4	3.0	28.6	1585	0.37
SS2_15_0049	SS2_15_0049_H19	885725	43	55.8	12.0	32.2	70.8	6.6	22.6	4697	0.59
SS2_15_0049	SS2_15_0049_H2	698971	43	55.7	13.3	31.0	70.5	8.3	21.2	4820	0.58
SS2_15_0049	SS2_15_0049_H20	687497	43	45.2	9.3	45.6	69.4	6.6	23.9	3580	0.51
SS2_15_0049	SS2_15_0049_H21	1050656	43	46.5	11.4	42.1	71.0	5.6	23.4	3752	0.55
SS2_15_0049	SS2_15_0049_H22	1001704	43	46.0	9.7	44.4	69.5	6.6	23.9	3550	0.52
SS2_15_0049	SS2_15_0049_H23	837606	43	65.8	14.7	19.4	74.5	5.8	19.7	6920	0.68
SS2_15_0049	SS2_15_0049_H24	1032821	43	50.5	11.4	38.0	70.5	6.4	23.0	4421	0.57
SS2_15_0049	SS2_15_0049_H3	900183	43	53.2	12.0	34.8	71.7	6.1	22.3	4869	0.60
SS2_15_0049	SS2_15_0049_H4	427599	43	23.1	29.6	47.3	69.2	2.1	28.6	953	0.32
SS2_15_0049	SS2_15_0049_H5	885188	43	49.2	8.5	42.3	72.5	5.4	22.1	4749	0.58
SS2_15_0049	SS2_15_0049_H6	754362	43	22.9	29.8	47.4	68.3	2.9	28.8	1208	0.35
SS2_15_0049	SS2_15_0049_H7	932182	43	62.9	12.2	24.9	68.6	10.9	20.4	5247	0.62
SS2_15_0049	SS2_15_0049_H8	533435	43	57.3	12.4	30.3	70.2	7.3	22.5	4753	0.58
SS2_15_0049	SS2_15_0049_H9	973331	43	63.8	11.6	24.7	71.0	8.8	20.2	5111	0.62
SS2_15_0049	SS2_15_0049_I1	513347	43	59.8	14.3	25.9	71.5	6.5	22.0	5023	0.58
SS2_15_0049	SS2_15_0049_I10	643988	43	64.5	16.7	18.8	74.3	9.9	15.8	6809	0.67
SS2_15_0049	SS2_15_0049_I11	593604	43	48.7	10.3	41.0	68.5	7.1	24.4	3650	0.51
SS2_15_0049	SS2_15_0049_I12	616495	43	63.2	18.1	18.8	70.7	13.6	15.8	6786	0.67
SS2_15_0049	SS2_15_0049_I13	482151	43	36.8	10.6	52.6	52.5	19.6	27.8	3348	0.50
SS2_15_0049	SS2_15_0049_I14	370451	43	31.2	11.6	57.2	53.7	12.2	34.1	1625	0.32
SS2_15_0049	SS2_15_0049_I15	374236	43	61.3	14.7	24.0	71.0	13.7	15.2	5532	0.61
SS2_15_0049	SS2_15_0049_I16	648851	43	54.7	13.9	31.4	69.2	7.7	23.1	4554	0.56
SS2_15_0049	SS2_15_0049_I17	412653	43	41.6	10.2	48.2	65.9	6.9	27.2	3253	0.50
SS2_15_0049	SS2_15_0049_I18	527011	43	35.3	11.7	52.9	67.7	3.7	28.5	1884	0.44
SS2_15_0049	SS2_15_0049_I19	581640	43	53.5	13.2	33.3	72.6	7.7	19.8	4582	0.58
SS2_15_0049	SS2_15_0049_I2	494404	43	64.9	14.7	20.4	75.5	9.4	15.1	6425	0.65
SS2_15_0049	SS2_15_0049_I20	455951	43	47.2	11.2	41.5	42.7	36.8	20.5	3678	0.45
SS2_15_0049	SS2_15_0049_I21	754745	43	64.0	13.3	22.7	75.3	8.7	16.0	6160	0.67
SS2_15_0049	SS2_15_0049_I22	702565	43	61.4	16.4	22.2	69.2	15.5	15.3	6526	0.65
SS2_15_0049	SS2_15_0049_I23	626682	43	56.1	13.4	30.6	71.4	7.2	21.5	5241	0.61
SS2_15_0049	SS2_15_0049_I24	462338	43	18.2	3.7	78.1	46.6	4.7	48.7	493	0.27
SS2_15_0049	SS2_15_0049_I3	552004	43	47.0	12.3	40.7	69.3	6.6	24.2	4294	0.56
SS2_15_0049	SS2_15_0049_I4	297973	43	54.4	13.5	32.1	67.2	20.0	12.8	5076	0.61
SS2_15_0049	SS2_15_0049_I5	605279	43	55.9	15.4	28.7	71.7	5.9	22.4	4884	0.59
SS2_15_0049	SS2_15_0049_I6	517855	43	61.9	12.6	25.5	73.2	7.2	19.6	5705	0.65
SS2_15_0049	SS2_15_0049_I7	646754	43	37.3	7.8	54.9	61.7	9.4	28.9	2701	0.45
SS2_15_0049	SS2_15_0049_I8	318619	43	22.6	4.8	72.6	59.0	3.9	37.1	704	0.28
SS2_15_0049	SS2_15_0049_I9	736849	43	46.9	11.7	41.5	69.8	6.2	24.0	3680	0.53
SS2_15_0049	SS2_15_0049_J1	497338	43	35.2	7.7	57.0	51.8	35.8	12.4	2294	0.42
SS2_15_0049	SS2_15_0049_J10	624171	43	33.6	10.2	56.1	52.3	17.9	29.8	2674	0.45
SS2_15_0049	SS2_15_0049_J11	586034	43	20.0	3.8	76.2	51.9	5.0	43.1	1146	0.32
SS2_15_0049	SS2_15_0049_J12	756570	43	54.5	12.6	32.9	71.4	5.6	23.0	4946	0.59
SS2_15_0049	SS2_15_0049_J13	739521	43	61.2	13.1	25.7	74.5	5.7	19.7	5164	0.62
SS2_15_0049	SS2_15_0049_J14	610660	43	58.3	13.1	28.6	71.9	6.6	21.5	5061	0.60
SS2_15_0049	SS2_15_0049_J15	453072	43	51.1	11.7	37.2	50.6	28.7	20.6	3996	0.50
SS2_15_0049	SS2_15_0049_J16	731028	43	49.4	10.6	40.0	70.3	5.4	24.3	4096	0.55
SS2_15_0049	SS2_15_0049_J17	605970	43	43.4	9.5	47.0	68.6	17.4	14.0	3497	0.52
SS2_15_0049	SS2_15_0049_J18	588905	43	55.1	13.9	31.0	69.7	7.9	22.4	5142	0.61
SS2_15_0049	SS2_15_0049_J19	607242	43	54.9	11.8	33.3	68.3	10.1	21.6	4618	0.57
SS2_15_0049	SS2_15_0049_J2	378559	43	61.6	11.1	27.2	73.7	5.8	20.5	5080	0.61
SS2_15_0049	SS2_15_0049_J20	548011	43	60.2	15.3	24.5	71.4	7.1	21.4	6131	0.65
SS2_15_0049	SS2_15_0049_J21	763259	43	66.1	13.8	20.1	73.4	6.9	19.7	6406	0.67
SS2_15_0049	SS2_15_0049_J22	920003	43	50.5	10.2	39.4	68.5	8.1	23.4	4210	0.55
SS2_15_0049	SS2_15_0049_J23	572413	43	65.0	13.4	21.6	75.5	4.2	20.2	5789	0.66
SS2_15_0049	SS2_15_0049_J24	604763	43	19.8	3.7	76.5	51.0	3.9	45.2	686	0.30
SS2_15_0049	SS2_15_0049_J3	729013	43	61.7	11.9	26.4	75.5	3.6	20.9	5185	0.64
SS2_15_0049	SS2_15_0049_J4	467930	43	49.1	11.3	39.6	69.5	7.3	23.2	4102	0.54
SS2_15_0049	SS2_15_0049_J5	653282	43	52.1	9.1	38.8	69.7	8.4	22.0	4094	0.54
SS2_15_0049	SS2_15_0049_J6	308481	43	26.4	6.9	66.7	55.3	4.4	40.2	1360	0.35
SS2_15_0049	SS2_15_0049_J7	819780	43	54.5	13.5	32.0	70.7	7.9	21.4	4889	0.61
SS2_15_0049	SS2_15_0049_J8	341262	43	40.4	10.7	48.9	69.9	3.8	26.3	2699	0.44
SS2_15_0049	SS2_15_0049_J9	772440	43	69.4	12.6	18.0	75.1	9.3	15.6	6260	0.67
SS2_15_0049	SS2_15_0049_K1	721598	43	43.0	12.5	44.5	64.9	9.6	25.4	2953	0.50
SS2_15_0049	SS2_15_0049_K10	833231	43	58.1	14.3	27.7	72.3	11.8	15.9	5004	0.61
SS2_15_0049	SS2_15_0049_K11	879148	43	42.3	7.9	49.9	55.2	20.7	24.1	3061	0.47
SS2_15_0049	SS2_15_0049_K12	849060	43	54.0	12.2	33.7	71.1	6.6	22.3	4409	0.58
SS2_15_0049	SS2_15_0049_K13	973579	43	51.1	10.5	38.5	71.3	5.1	23.6	4014	0.55
SS2_15_0049	SS2_15_0049_K14	680128	43	50.1	12.7	37.2	69.3	6.8	23.9	4137	0.57
SS2_15_0049	SS2_15_0049_K15	506220	43	24.4	5.4	70.1	56.2	4.8	39.0	1124	0.31
SS2_15_0049	SS2_15_0049_K16	895483	43	66.7	13.0	20.3	74.4	6.7	18.9	6152	0.67
SS2_15_0049	SS2_15_0049_K17	630254	43	66.6	12.8	20.6	76.0	4.4	19.6	5874	0.62
SS2_15_0049	SS2_15_0049_K18	2675145	43	68.1	9.9	22.0	79.2	4.3	16.5	2741	0.50
SS2_15_0049	SS2_15_0049_K19	761682	43	40.6	9.7	49.8	65.0	8.1	27.0	3357	0.50
SS2_15_0049	SS2_15_0049_K2	564019	43	26.7	5.8	67.5	63.9	2.9	33.2	1536	0.35
SS2_15_0049	SS2_15_0049_K20	385283	43	63.8	18.7	17.5	73.9	8.6	17.4	6621	0.67
SS2_15_0049	SS2_15_0049_K21	683451	43	59.8	16.3	23.9	72.3	6.0	21.7	6005	0.65
SS2_15_0049	SS2_15_0049_K22	401055	43	39.3	10.3	50.4	59.3	23.0	17.7	3330	0.49
SS2_15_0049	SS2_15_0049_K23	265176	43	44.0	12.6	43.3	63.3	18.5	18.2	3752	0.52
SS2_15_0049	SS2_15_0049_K24	193491	43	15.4	5.7	78.8	21.1	5.7	73.2	541	0.28
SS2_15_0049	SS2_15_0049_K3	799323	43	38.6	10.1	51.3	70.5	3.1	26.4	1504	0.43
SS2_15_0049	SS2_15_0049_K4	91499	43	69.9	23.6	6.5	74.4	9.0	16.6	7378	0.73
SS2_15_0049	SS2_15_0049_K5	593548	43	11.8	3.7	84.5	22.3	7.8	69.9	1054	0.31
SS2_15_0049	SS2_15_0049_K6	498831	43	40.0	9.6	50.4	64.8	7.3	27.9	2841	0.48
SS2_15_0049	SS2_15_0049_K7	808546	43	23.6	4.5	71.9	59.1	4.1	36.8	1466	0.35
SS2_15_0049	SS2_15_0049_K8	258140	43	59.1	14.8	26.1	72.6	6.8	20.6	5276	0.62
SS2_15_0049	SS2_15_0049_K9	855276	43	63.9	13.2	22.9	72.8	6.6	20.6	5528	0.63
SS2_15_0049	SS2_15_0049_L1	302078	43	42.5	10.3	47.2	62.2	10.3	27.5	3000	0.47
SS2_15_0049	SS2_15_0049_L10	388149	43	46.3	12.4	41.3	66.6	6.6	26.8	3469	0.52
SS2_15_0049	SS2_15_0049_L11	475955	43	51.8	12.5	35.7	69.8	6.7	23.5	4093	0.56
SS2_15_0049	SS2_15_0049_L12	482347	43	48.3	11.1	40.6	66.6	7.9	25.5	3752	0.52
SS2_15_0049	SS2_15_0049_L13	488498	43	58.4	12.6	29.1	67.8	10.8	21.4	5569	0.63
SS2_15_0049	SS2_15_0049_L14	426349	43	47.5	11.0	41.4	69.6	5.8	24.6	3772	0.52
SS2_15_0049	SS2_15_0049_L15	164391	43	37.6	12.4	50.0	55.1	15.5	29.4	2097	0.38
SS2_15_0049	SS2_15_0049_L16	362451	43	51.5	13.3	35.1	69.3	6.2	24.6	4347	0.56
SS2_15_0049	SS2_15_0049_L17	297607	43	55.4	13.8	30.7	72.5	5.0	22.5	4168	0.56
SS2_15_0049	SS2_15_0049_L18	317879	43	50.6	13.5	36.0	67.3	7.9	24.7	3970	0.54
SS2_15_0049	SS2_15_0049_L19	299538	43	52.6	14.4	33.0	68.1	6.5	25.4	4769	0.59
SS2_15_0049	SS2_15_0049_L2	301443	43	42.9	12.4	44.8	64.1	23.5	12.4	3684	0.49
SS2_15_0049	SS2_15_0049_L20	484219	43	66.0	12.2	21.8	76.4	3.9	19.7	5628	0.64
SS2_15_0049	SS2_15_0049_L21	425833	43	24.1	10.4	65.5	52.7	6.1	41.2	1424	0.36
SS2_15_0049	SS2_15_0049_L22	574359	43	70.9	10.9	18.1	67.2	17.2	15.6	6415	0.66
SS2_15_0049	SS2_15_0049_L23	220914	43	29.9	8.9	61.2	44.4	19.6	36.0	1922	0.38
SS2_15_0049	SS2_15_0049_L24	164281	43	17.6	7.4	75.0	35.8	10.0	54.2	399	0.25
SS2_15_0049	SS2_15_0049_L3	566483	43	57.7	12.9	29.4	76.4	8.7	14.9	5026	0.61
SS2_15_0049	SS2_15_0049_L4	328029	43	63.0	13.4	23.6	74.4	10.2	15.4	5401	0.63
SS2_15_0049	SS2_15_0049_L5	458025	43	53.2	13.5	33.3	71.6	12.2	16.2	4777	0.58
SS2_15_0049	SS2_15_0049_L6	296047	43	21.4	26.9	51.7	57.5	3.9	38.6	744	0.28
SS2_15_0049	SS2_15_0049_L7	550323	43	56.6	14.7	28.7	70.0	7.1	22.9	4844	0.59
SS2_15_0049	SS2_15_0049_L8	315641	43	47.4	11.0	41.6	69.3	15.1	15.5	3209	0.51
SS2_15_0049	SS2_15_0049_L9	681330	43	61.4	13.7	24.9	74.0	4.8	21.2	4577	0.60
SS2_15_0049	SS2_15_0049_M1	571483	43	21.6	3.8	74.6	55.3	4.0	40.8	1015	0.30
SS2_15_0049	SS2_15_0049_M10	942612	43	63.6	13.7	22.7	76.3	3.6	20.2	5801	0.63
SS2_15_0049	SS2_15_0049_M11	804424	43	63.8	20.9	15.3	70.3	12.3	17.4	7643	0.73
SS2_15_0049	SS2_15_0049_M12	649882	43	45.8	15.0	39.3	63.2	9.9	26.8	3807	0.53
SS2_15_0049	SS2_15_0049_M13	475655	43	46.1	21.6	32.2	44.2	28.6	27.1	6240	0.59
SS2_15_0049	SS2_15_0049_M14	662043	43	50.9	12.7	36.3	70.5	5.9	23.6	4414	0.57
SS2_15_0049	SS2_15_0049_M15	504179	43	59.3	14.0	26.7	73.7	5.3	21.1	5719	0.64
SS2_15_0049	SS2_15_0049_M16	1979165	43	76.3	16.5	7.2	77.5	3.0	19.5	6389	0.67
SS2_15_0049	SS2_15_0049_M17	607243	43	57.8	14.0	28.2	73.3	10.6	16.2	5364	0.62
SS2_15_0049	SS2_15_0049_M18	1558885	43	57.6	10.8	31.5	74.7	5.3	20.0	3397	0.53
SS2_15_0049	SS2_15_0049_M19	559746	43	44.4	18.6	37.0	60.4	14.4	25.1	5844	0.63
SS2_15_0049	SS2_15_0049_M2	757310	43	56.2	10.8	33.0	73.3	5.4	21.2	4129	0.57
SS2_15_0049	SS2_15_0049_M20	475043	43	21.0	11.9	67.1	58.9	4.3	36.8	1074	0.31
SS2_15_0049	SS2_15_0049_M21	692259	43	32.9	15.5	51.6	63.0	7.6	29.4	2337	0.44
SS2_15_0049	SS2_15_0049_M22	545217	43	61.8	17.8	20.5	71.4	11.2	17.4	6273	0.67
SS2_15_0049	SS2_15_0049_M23	641843	43	60.9	13.4	25.6	72.3	13.0	14.7	5703	0.64
SS2_15_0049	SS2_15_0049_M24	650172	43	14.6	3.5	81.9	39.9	6.0	54.2	789	0.30
SS2_15_0049	SS2_15_0049_M3	761842	43	67.2	12.5	20.3	60.8	20.2	19.0	6222	0.64
SS2_15_0049	SS2_15_0049_M4	470331	43	29.1	7.6	63.3	64.1	5.8	30.1	1675	0.40
SS2_15_0049	SS2_15_0049_M5	597003	43	22.1	4.3	73.6	57.9	3.1	39.0	1332	0.33
SS2_15_0049	SS2_15_0049_M6	708982	43	50.4	14.1	35.4	69.9	6.4	23.7	4144	0.55
SS2_15_0049	SS2_15_0049_M7	887308	43	29.6	10.1	60.4	57.2	9.1	33.7	2613	0.47
SS2_15_0049	SS2_15_0049_M8	483909	43	53.6	12.7	33.7	70.1	6.4	23.5	4607	0.58
SS2_15_0049	SS2_15_0049_M9	1075800	43	58.4	12.9	28.7	72.8	5.4	21.9	4843	0.60
SS2_15_0049	SS2_15_0049_N1	564543	43	44.6	9.1	46.2	69.1	15.9	15.0	3579	0.52
SS2_15_0049	SS2_15_0049_N10	412277	43	45.8	15.2	39.0	59.8	13.9	26.2	3585	0.53
SS2_15_0049	SS2_15_0049_N11	642025	43	53.4	14.7	31.9	70.9	6.3	22.8	5078	0.62
SS2_15_0049	SS2_15_0049_N12	622743	43	45.5	10.4	44.1	69.7	4.4	26.0	3799	0.55
SS2_15_0049	SS2_15_0049_N13	563544	43	51.8	14.1	34.1	67.8	8.4	23.7	4583	0.58
SS2_15_0049	SS2_15_0049_N14	316013	43	42.6	12.9	44.4	64.5	9.8	25.6	3295	0.52
SS2_15_0049	SS2_15_0049_N15	309281	43	56.9	13.4	29.8	71.1	7.1	21.9	5169	0.61
SS2_15_0049	SS2_15_0049_N16	336930	43	44.8	12.0	43.2	63.0	20.5	16.5	3724	0.55
SS2_15_0049	SS2_15_0049_N17	215777	43	51.5	14.9	33.6	69.2	14.2	16.6	4063	0.56
SS2_15_0049	SS2_15_0049_N18	301531	43	60.2	15.6	24.2	71.5	12.7	15.8	5519	0.63
SS2_15_0049	SS2_15_0049_N19	357839	43	61.8	12.7	25.5	73.1	6.9	20.0	5489	0.62
SS2_15_0049	SS2_15_0049_N2	646281	43	49.8	12.8	37.4	72.2	4.5	23.2	4077	0.54
SS2_15_0049	SS2_15_0049_N20	202183	43	23.6	7.1	69.3	48.7	9.4	41.9	825	0.29
SS2_15_0049	SS2_15_0049_N21	229636	43	23.8	12.1	64.1	32.0	16.0	51.9	2899	0.46
SS2_15_0049	SS2_15_0049_N22	611303	43	44.4	12.2	43.3	68.2	6.9	24.9	4587	0.58
SS2_15_0049	SS2_15_0049_N23	488591	43	55.7	14.1	30.1	71.7	5.5	22.8	4989	0.61
SS2_15_0049	SS2_15_0049_N24	289561	43	17.1	5.9	77.0	36.7	5.2	58.1	894	0.36
SS2_15_0049	SS2_15_0049_N3	588527	43	48.9	13.0	38.1	69.1	4.6	26.3	3941	0.56
SS2_15_0049	SS2_15_0049_N4	268583	43	18.6	4.3	77.1	47.7	4.4	48.0	723	0.28
SS2_15_0049	SS2_15_0049_N5	453244	43	43.9	10.1	46.0	66.1	7.6	26.4	3640	0.52
SS2_15_0049	SS2_15_0049_N6	481791	43	65.1	13.9	21.0	75.0	5.2	19.8	6165	0.66
SS2_15_0049	SS2_15_0049_N7	544579	43	46.4	11.9	41.7	66.8	6.0	27.2	3793	0.54
SS2_15_0049	SS2_15_0049_N8	222072	43	40.9	16.2	42.9	63.0	8.2	28.7	2944	0.49
SS2_15_0049	SS2_15_0049_N9	463914	43	14.9	5.9	79.1	17.9	13.7	68.4	2449	0.47
SS2_15_0049	SS2_15_0049_O1	739349	43	57.3	12.3	30.4	74.0	4.5	21.5	5209	0.62
SS2_15_0049	SS2_15_0049_O10	675239	43	57.1	11.2	31.7	73.6	4.6	21.8	4640	0.59
SS2_15_0049	SS2_15_0049_O11	536200	43	50.4	9.8	39.8	70.3	5.1	24.5	3681	0.53
SS2_15_0049	SS2_15_0049_O12	559481	43	46.0	12.6	41.4	64.8	8.1	27.2	3907	0.54
SS2_15_0049	SS2_15_0049_O13	448461	43	25.6	28.3	46.1	65.5	2.9	31.6	1138	0.33
SS2_15_0049	SS2_15_0049_O14	576169	43	60.7	15.4	23.9	73.1	10.3	16.5	5900	0.66
SS2_15_0049	SS2_15_0049_O15	440434	43	53.8	12.8	33.4	57.7	19.8	22.5	4281	0.56
SS2_15_0049	SS2_15_0049_O16	695847	43	55.3	13.8	31.0	72.4	5.5	22.1	4929	0.60
SS2_15_0049	SS2_15_0049_O17	523305	43	49.2	14.9	35.9	78.1	6.6	15.3	4363	0.56
SS2_15_0049	SS2_15_0049_O18	567661	43	55.2	14.3	30.5	70.5	6.4	23.1	5421	0.63
SS2_15_0049	SS2_15_0049_O19	568200	43	54.7	14.6	30.7	71.0	6.2	22.8	5075	0.62
SS2_15_0049	SS2_15_0049_O2	607181	43	52.4	18.4	29.2	67.1	10.4	22.5	5026	0.56
SS2_15_0049	SS2_15_0049_O20	500320	43	46.5	9.5	44.0	70.9	5.6	23.4	3841	0.54
SS2_15_0049	SS2_15_0049_O21	777075	43	51.9	10.6	37.5	71.1	6.6	22.3	4004	0.56
SS2_15_0049	SS2_15_0049_O22	754315	43	53.9	14.1	32.1	67.8	11.8	20.4	5023	0.59
SS2_15_0049	SS2_15_0049_O23	562628	43	50.2	11.8	38.1	71.5	6.7	21.8	5287	0.61
SS2_15_0049	SS2_15_0049_O24	475122	43	20.6	3.9	75.5	50.7	4.4	44.9	612	0.29
SS2_15_0049	SS2_15_0049_O3	662555	43	53.9	12.5	33.5	70.8	5.9	23.4	4992	0.60
SS2_15_0049	SS2_15_0049_O4	239076	43	66.6	13.8	19.5	73.1	11.3	15.5	6168	0.65
SS2_15_0049	SS2_15_0049_O5	558331	43	68.2	13.0	18.9	76.1	4.2	19.7	6280	0.67
SS2_15_0049	SS2_15_0049_O6	444395	43	20.8	3.8	75.4	53.5	2.9	43.6	995	0.31
SS2_15_0049	SS2_15_0049_O7	491829	43	38.6	9.3	52.0	67.2	5.9	26.9	3946	0.54
SS2_15_0049	SS2_15_0049_O8	490254	43	53.6	12.9	33.5	71.3	6.2	22.6	4501	0.56
SS2_15_0049	SS2_15_0049_O9	898609	43	52.3	12.0	35.6	68.3	8.3	23.3	4058	0.56
SS2_15_0049	SS2_15_0049_P1	327107	43	19.3	4.5	76.2	42.6	5.7	51.7	713	0.28
SS2_15_0049	SS2_15_0049_P10	572098	43	62.1	12.8	25.1	75.4	4.1	20.5	5482	0.63
SS2_15_0049	SS2_15_0049_P11	413004	43	59.4	14.1	26.4	64.2	12.7	23.0	5502	0.60
SS2_15_0049	SS2_15_0049_P12	476040	43	48.9	11.5	39.6	69.0	5.3	25.8	4273	0.57
SS2_15_0049	SS2_15_0049_P13	606900	43	53.2	14.8	31.9	71.0	5.9	23.0	5128	0.61
SS2_15_0049	SS2_15_0049_P14	383903	43	25.1	6.6	68.4	58.8	3.1	38.0	1102	0.35
SS2_15_0049	SS2_15_0049_P15	239057	43	50.3	12.8	36.8	67.3	7.0	25.6	4147	0.55
SS2_15_0049	SS2_15_0049_P16	592892	43	44.6	9.8	45.7	67.3	7.4	25.3	3544	0.52
SS2_15_0049	SS2_15_0049_P17	479436	43	54.6	12.9	32.5	71.5	13.6	14.8	4571	0.57
SS2_15_0049	SS2_15_0049_P18	427305	43	65.6	12.5	21.9	74.0	6.3	19.6	6285	0.68
SS2_15_0049	SS2_15_0049_P19	583958	43	60.0	21.4	18.6	72.9	5.3	21.8	7034	0.73
SS2_15_0049	SS2_15_0049_P2	385645	43	63.4	19.7	16.9	72.1	6.4	21.6	7450	0.71
SS2_15_0049	SS2_15_0049_P20	318279	43	18.7	5.2	76.2	58.7	7.9	33.4	679	0.28
SS2_15_0049	SS2_15_0049_P21	552561	43	49.0	13.4	37.6	70.1	5.9	24.0	4895	0.61
SS2_15_0049	SS2_15_0049_P22	648352	43	58.3	15.9	25.8	71.8	5.4	22.8	5608	0.64
SS2_15_0049	SS2_15_0049_P23	466249	43	60.8	12.6	26.7	72.5	6.2	21.3	5859	0.65
SS2_15_0049	SS2_15_0049_P24	477047	43	18.6	4.8	76.5	51.8	3.0	45.2	498	0.27
SS2_15_0049	SS2_15_0049_P3	517532	43	55.7	16.9	27.4	70.3	13.6	16.1	5861	0.64
SS2_15_0049	SS2_15_0049_P4	280421	43	25.5	9.8	64.7	46.1	12.8	41.1	2983	0.47
SS2_15_0049	SS2_15_0049_P5	418135	43	27.7	10.0	62.3	51.3	37.7	11.0	2006	0.38
SS2_15_0049	SS2_15_0049_P6	390705	43	43.5	9.7	46.8	67.8	2.3	30.0	1357	0.41
SS2_15_0049	SS2_15_0049_P7	539365	43	61.5	9.8	28.6	67.0	13.4	19.6	5605	0.63
SS2_15_0049	SS2_15_0049_P8	329245	43	30.7	8.7	60.6	55.7	12.0	32.2	1625	0.38
SS2_15_0049	SS2_15_0049_P9	547423	43	51.6	11.7	36.6	69.1	5.8	25.1	4197	0.56
